center : 17 8 -2
	 14 8 0

inside : -44 5 -23

outside : 27 11 -27
	  -69 7 -70
   	  -81 8 11
	  -85 5 128
	  -73 5 73
	  -36 5 125
	  -35 5 98
	  -45 5 -93
	  105 8 -66
	  104 8 -75
	  118 7 -26
	  126 5 8
	  92 4 10
	  100 9 2 
	  89 9 18
	  101 10 38	
	  75 4 61
	  73 8 59
	  50 13 61
	  89 5 109
	  110 15 109
	  109 8 111
	  128 7 129
	  40 16 118
	  39 6 119
	  -55 5 -23

outside hi ground 
	  -73 21 64
	  -90 12 82
	  78 12 -94
	  65 15 80
	  75 15 80
	  83 15 80
	  66 13 130
	  0 24 111

spaceship

	11 61 15
        -11 61 15
 	7 62 -6
	-7 62 -6

	0 61 -19